2018-03-19T05:27:52.550Z | cel,A,1903052749,25.642865,-100.358967,2173,2,300,1,9999,91,0,27,G
2018-03-19T05:28:21.889Z | cel,A,1903052820,25.642865,-100.358967,2173,2,300,1,9999,91,0,27,G
2018-03-19T05:28:53.629Z | cel,A,1903052850,25.642865,-100.358967,2173,2,300,3,9999,91,0,27,G
2018-03-19T05:36:15.538Z | cel,A,1903053614,25.642905,-100.358948,2077,1,305,5,386,94,0,25,G
2018-03-19T05:36:22.850Z | cel,A,1903053621,25.642888,-100.358975,2075,1,246,5,387,94,0,25,G
2018-03-19T05:36:54.493Z | cel,A,1903053651,25.642747,-100.359090,2075,3,201,3,396,94,0,25,G
2018-03-19T05:37:25.838Z | cel,A,1903053722,25.642833,-100.358973,2061,1,67,4,394,94,0,25,G
2018-03-19T06:50:20.277Z | cel,A,1903065019,25.643035,-100.359163,2091,1,251,0,9999,102,0,23,G
2018-03-19T06:50:24.267Z | cel,A,1903065023,25.643035,-100.359163,2091,1,251,0,9999,102,0,25,G
2018-03-19T06:50:56.321Z | cel,A,1903065053,25.643035,-100.359163,2091,1,251,0,9999,102,0,25,G
2018-03-19T20:54:49.873Z | cel,A,1903205445,25.642788,-100.358918,2042,0,99,5,169,75,0,35,G
2018-03-19T20:58:38.602Z | cel,A,1903205837,25.642785,-100.358923,2058,0,82,7,125,76,0,37,G
2018-03-19T20:59:10.687Z | cel,A,1903205907,25.642785,-100.358923,2058,0,147,7,125,76,0,38,G
2018-03-19T20:59:40.279Z | cel,A,1903205938,25.642785,-100.358923,2058,0,0,7,125,76,0,38,G
2018-03-19T21:00:14.113Z | cel,A,1903210008,25.642785,-100.358928,2060,0,296,7,125,76,0,38,G
2018-03-19T21:00:43.376Z | cel,A,1903210039,25.642785,-100.358930,2060,0,92,7,125,76,0,39,G
2018-03-19T21:01:12.828Z | cel,A,1903210111,25.642783,-100.358930,2060,0,90,7,125,76,0,38,G
2018-03-19T21:01:44.793Z | cel,A,1903210141,25.642783,-100.358933,2060,0,25,7,125,76,0,38,G
2018-03-19T21:02:14.217Z | cel,A,1903210212,25.642783,-100.358933,2060,0,329,7,124,76,0,38,G
2018-03-19T21:02:44.813Z | cel,A,1903210242,25.642785,-100.358938,2062,0,59,7,125,76,1,37,G
2018-03-19T21:03:14.647Z | cel,A,1903210312,25.642787,-100.358938,2063,0,238,8,119,76,0,36,G
2018-03-19T21:03:45.255Z | cel,A,1903210342,25.642785,-100.358940,2063,0,292,8,119,76,0,36,G
2018-03-19T21:04:16.508Z | cel,A,1903210412,25.642785,-100.358942,2064,0,0,8,119,76,0,36,G
2018-03-19T21:04:46.334Z | cel,A,1903210444,25.642785,-100.358943,2065,0,292,8,119,76,0,36,G
2018-03-19T21:05:20.268Z | cel,A,1903210514,25.642783,-100.358945,2066,0,281,8,119,76,0,36,G
2018-03-19T21:05:46.173Z | cel,A,1903210544,25.642783,-100.358947,2066,0,309,8,119,76,0,36,G
2018-03-19T21:06:16.285Z | cel,A,1903210614,25.642783,-100.358948,2067,0,292,8,119,76,0,36,G
2018-03-19T21:06:46.520Z | cel,A,1903210644,25.642782,-100.358952,2068,0,307,8,119,76,0,36,G
2018-03-19T21:07:15.931Z | cel,A,1903210714,25.642782,-100.358953,2070,0,349,8,119,76,0,36,G
2018-03-19T21:07:48.419Z | cel,A,1903210744,25.642782,-100.358955,2071,0,263,8,119,76,0,36,G
2018-03-19T21:08:20.600Z | cel,A,1903210816,25.642780,-100.358957,2072,0,355,8,119,76,0,36,G
2018-03-19T21:08:48.776Z | cel,A,1903210846,25.642782,-100.358958,2072,0,331,8,119,76,0,36,G
2018-03-19T21:09:19.058Z | cel,A,1903210916,25.642782,-100.358958,2073,0,340,8,119,76,0,36,G
2018-03-19T21:09:49.371Z | cel,A,1903210946,25.642782,-100.358960,2073,0,346,8,119,76,0,36,G
2018-03-19T21:10:20.031Z | cel,A,1903211017,25.642782,-100.358962,2074,0,288,8,119,76,0,35,G
2018-03-19T21:10:49.517Z | cel,A,1903211047,25.642782,-100.358963,2075,0,331,8,119,76,0,36,G
2018-03-19T21:11:20.249Z | cel,A,1903211117,25.642783,-100.358965,2076,0,299,8,119,76,0,36,G
2018-03-19T21:11:51.273Z | cel,A,1903211147,25.642782,-100.358965,2077,0,233,8,119,76,0,36,G
2018-03-19T21:12:22.479Z | cel,A,1903211218,25.642777,-100.358967,2078,0,166,8,119,76,1,36,G
2018-03-19T21:12:52.957Z | cel,A,1903211250,25.642772,-100.358975,2080,0,0,8,119,76,0,36,G
2018-03-19T21:13:24.317Z | cel,A,1903211320,25.642773,-100.358975,2080,0,357,8,119,76,0,36,G
2018-03-19T21:13:53.743Z | cel,A,1903211351,25.642775,-100.358975,2081,0,327,8,119,76,0,36,G
2018-03-19T21:14:23.884Z | cel,A,1903211421,25.642783,-100.358982,2081,0,346,8,119,76,0,36,G
2018-03-19T21:14:53.356Z | cel,A,1903211451,25.642782,-100.358992,2086,0,233,7,134,76,0,36,G
2018-03-19T21:15:24.286Z | cel,A,1903211521,25.642782,-100.358990,2087,0,46,8,120,76,0,35,G
2018-03-19T21:15:53.669Z | cel,A,1903211551,25.642782,-100.358990,2087,0,56,8,120,76,0,35,G
2018-03-19T21:16:23.846Z | cel,A,1903211621,25.642783,-100.358988,2086,0,86,8,120,76,0,35,G
2018-03-19T21:58:56.485Z | cel,A,1903215854,25.642820,-100.358962,2112,0,301,8,108,74,0,33,G
2018-03-19T21:59:26.309Z | cel,A,1903215924,25.642820,-100.358962,2112,0,238,8,108,73,0,33,G
2018-03-19T21:59:57.461Z | cel,A,1903215954,25.642822,-100.358962,2111,0,10,8,108,73,0,33,G
2018-03-19T22:22:29.735Z | cel,A,1903222227,25.642767,-100.358977,2134,0,241,7,156,72,3,33,G
2018-03-19T22:23:01.233Z | cel,A,1903222257,25.642767,-100.358977,2134,0,65,7,156,72,0,33,G
2018-03-19T22:23:31.495Z | cel,A,1903222329,25.642767,-100.358975,2134,0,309,8,108,72,1,33,G
2018-03-19T22:43:32.403Z | cel,A,1903224330,25.642795,-100.358973,2124,0,170,9,105,71,0,32,G
2018-03-19T22:44:02.338Z | cel,A,1903224400,25.642795,-100.358973,2123,0,336,8,119,71,0,32,G
2018-03-19T22:44:33.210Z | cel,A,1903224430,25.642797,-100.358975,2122,0,32,9,105,71,0,32,G
2018-03-19T23:06:04.786Z | cel,A,1903230602,25.642740,-100.358962,2110,0,89,8,116,70,0,31,G
2018-03-19T23:06:34.146Z | cel,A,1903230632,25.642738,-100.358962,2111,0,278,8,116,70,0,31,G
2018-03-19T23:57:37.751Z | cel,A,1903235734,25.642787,-100.358987,2094,0,16,9,93,68,3,30,G
2018-03-19T23:58:07.332Z | cel,A,1903235805,25.642788,-100.358985,2094,0,103,8,101,68,4,30,G
2018-03-20T00:27:07.788Z | cel,A,2003002707,25.642878,-100.358955,2063,0,3,10,80,67,5,29,G
2018-03-20T00:27:39.260Z | cel,A,2003002737,25.642883,-100.358950,2064,0,118,10,79,67,3,29,G
2018-03-20T00:28:08.639Z | cel,A,2003002807,25.642868,-100.358948,2070,0,132,10,79,67,2,29,G
2018-03-20T00:28:39.862Z | cel,A,2003002837,25.642868,-100.358948,2070,0,233,8,117,67,3,29,G
2018-03-20T00:29:10.759Z | cel,A,2003002907,25.642868,-100.358950,2070,0,215,9,87,67,0,29,G
2018-03-20T00:29:39.960Z | cel,A,2003002938,25.642860,-100.358978,2070,0,295,9,86,67,1,29,G
2018-03-20T00:29:52.626Z | cel,A,2003002951,25.642852,-100.359003,2062,0,165,10,79,67,0,29,G
2018-03-20T00:30:10.011Z | cel,A,2003003008,25.642837,-100.359027,2048,0,160,9,86,67,0,29,G
2018-03-20T00:30:40.904Z | cel,A,2003003038,25.642833,-100.359028,2047,0,87,8,117,67,0,29,G
2018-03-20T00:31:10.462Z | cel,A,2003003108,25.642833,-100.359028,2046,0,0,10,79,67,0,29,G
2018-03-20T00:31:42.377Z | cel,A,2003003138,25.642835,-100.359027,2046,0,98,10,79,67,0,29,G
2018-03-20T02:38:02.189Z | cel,A,2003023801,25.643078,-100.358340,2079,2,61,0,9999,101,0,27,G
2018-03-22T13:11:38.592Z | cel,A,2203131134,25.661522,-100.446185,2554,1,253,1,197,74,0,21,C
2018-03-22T13:12:12.655Z | cel,A,2203131210,0.000000,0.000000,0,0,0,4,0,74,1,21,G
2018-03-22T13:12:41.880Z | cel,A,2203131240,0.000000,0.000000,0,0,0,4,0,74,0,21,G
2018-03-22T13:13:14.714Z | cel,A,2203131310,25.661573,-100.446140,2690,0,261,4,198,74,0,21,D
2018-03-22T13:14:11.876Z | cel,A,2203131408,25.661360,-100.446267,1876,0,81,4,199,74,0,21,G
2018-03-22T13:14:41.123Z | cel,A,2203131439,25.661383,-100.446273,1979,0,135,4,199,74,0,20,G
2018-03-22T13:15:12.316Z | cel,A,2203131509,25.661403,-100.446275,1998,0,334,4,200,74,0,20,G
2018-03-22T13:15:43.210Z | cel,A,2203131539,25.661383,-100.446220,1959,1,128,4,200,74,0,21,G
2018-03-22T13:16:12.337Z | cel,A,2203131609,25.661433,-100.446223,1974,0,297,4,200,74,0,20,G
2018-03-22T13:16:42.487Z | cel,A,2203131639,25.661472,-100.446302,2022,1,270,4,200,74,0,20,G
2018-03-22T13:17:12.920Z | cel,A,2203131710,25.661502,-100.446307,2047,0,263,4,201,74,0,20,G
2018-03-22T13:17:42.739Z | cel,A,2203131740,25.661475,-100.446260,2029,0,100,4,201,74,0,20,G
2018-03-22T13:18:12.579Z | cel,A,2203131810,25.661443,-100.446120,2193,1,120,4,201,74,0,21,G
2018-03-22T13:18:44.440Z | cel,A,2203131840,25.661458,-100.446170,2181,0,240,4,202,74,0,21,G
2018-03-22T13:19:18.496Z | cel,A,2203131911,25.661402,-100.446187,2184,0,204,4,202,74,0,21,G
2018-03-22T13:19:44.682Z | cel,A,2203131942,25.661475,-100.446135,2182,0,24,4,202,74,0,21,G
2018-03-22T13:20:16.440Z | cel,A,2203132012,25.661457,-100.446155,2180,0,228,4,203,74,0,21,G
2018-03-22T13:20:45.644Z | cel,A,2203132043,25.661448,-100.446158,2180,0,53,4,203,74,0,21,G
2018-03-22T13:21:16.679Z | cel,A,2203132113,25.661423,-100.446120,2181,1,153,4,203,74,0,21,G
2018-03-22T13:21:51.008Z | cel,A,2203132144,25.661443,-100.446153,2181,0,277,4,204,74,1,21,G
2018-03-22T13:22:19.827Z | cel,A,2203132215,25.661413,-100.446187,2182,1,225,4,204,74,3,21,G
2018-03-22T13:22:49.564Z | cel,A,2203132245,25.661383,-100.446235,2184,1,232,4,204,73,0,20,G
2018-03-22T13:23:19.463Z | cel,A,2203132316,25.661383,-100.446223,2183,1,8,4,1773,73,0,21,G
2018-03-22T13:23:49.263Z | cel,A,2203132347,25.661425,-100.446212,2183,0,347,4,1817,73,0,21,G
2018-03-22T13:24:20.405Z | cel,A,2203132417,25.661433,-100.446228,2183,0,220,4,205,72,0,21,G
2018-03-22T13:24:50.959Z | cel,A,2203132447,25.661425,-100.446218,2192,0,153,5,173,72,0,21,G
2018-03-22T13:25:22.623Z | cel,A,2203132518,25.661402,-100.446213,2191,0,19,5,173,72,0,21,G
2018-03-22T13:25:53.897Z | cel,A,2203132549,25.661425,-100.446205,2191,0,245,5,174,71,0,21,G
2018-03-22T13:26:22.636Z | cel,A,2203132620,25.661410,-100.446215,2191,0,188,5,174,71,0,21,G
2018-03-22T13:26:54.787Z | cel,A,2203132650,25.661368,-100.446198,2191,0,138,5,175,71,0,21,G
2018-03-22T13:27:24.999Z | cel,A,2203132722,25.661373,-100.446200,2191,0,89,5,175,71,0,21,G
2018-03-22T13:27:56.609Z | cel,A,2203132752,25.661367,-100.446242,2188,1,241,5,176,70,0,22,G
2018-03-22T13:28:27.701Z | cel,A,2203132823,25.661377,-100.446252,2186,0,16,5,176,70,0,22,G
2018-03-22T13:28:57.896Z | cel,A,2203132854,25.661405,-100.446247,2186,0,51,5,176,70,0,22,G
2018-03-22T13:29:29.143Z | cel,A,2203132925,25.661458,-100.446112,2186,1,74,5,177,70,0,22,G
2018-03-22T13:29:58.692Z | cel,A,2203132956,25.661382,-100.446262,2186,1,238,5,177,70,0,22,G
2018-03-22T13:30:28.502Z | cel,A,2203133026,25.661368,-100.446253,2186,1,79,5,178,70,0,22,G
2018-03-22T13:31:00.584Z | cel,A,2203133056,25.661403,-100.446228,2186,0,33,6,158,70,0,22,G
2018-03-22T13:31:30.218Z | cel,A,2203133127,25.661448,-100.446212,2186,0,38,6,158,70,0,22,G
2018-03-22T13:31:59.794Z | cel,A,2203133157,25.661420,-100.446217,2186,0,242,6,158,70,0,22,G
2018-03-22T13:32:31.353Z | cel,A,2203133227,25.661433,-100.446218,2186,0,174,6,158,71,0,22,G
2018-03-22T13:33:01.435Z | cel,A,2203133258,25.661465,-100.446212,2185,1,9,6,169,71,1,22,G
2018-03-22T13:33:35.945Z | cel,A,2203133329,25.661500,-100.446188,2182,0,350,6,169,71,2,22,G
2018-03-22T13:34:02.428Z | cel,A,2203133359,25.661498,-100.446205,2182,0,185,6,159,71,0,22,G
2018-03-22T13:34:32.724Z | cel,A,2203133429,25.661515,-100.446247,2182,0,343,6,159,71,0,22,G
2018-03-22T13:35:02.992Z | cel,A,2203133500,25.661532,-100.446248,2181,0,111,6,159,71,0,22,G
2018-03-22T13:35:34.448Z | cel,A,2203133530,25.661540,-100.446217,2181,0,82,6,159,71,0,22,G
2018-03-22T13:36:03.586Z | cel,A,2203133601,25.661547,-100.446205,2181,0,11,6,170,71,0,22,G
2018-03-22T13:36:34.502Z | cel,A,2203133631,25.661542,-100.446177,2181,1,142,6,159,70,0,22,G
2018-03-22T13:37:05.126Z | cel,A,2203133702,25.661550,-100.446178,2181,0,307,6,159,70,0,22,G
2018-03-22T13:37:36.003Z | cel,A,2203133732,25.661562,-100.446188,2180,0,351,6,170,70,0,22,G
2018-03-22T13:38:06.711Z | cel,A,2203133803,25.661583,-100.446178,2180,0,237,6,159,70,0,22,G
2018-03-22T13:38:39.680Z | cel,A,2203133834,25.661592,-100.446187,2180,0,94,6,159,70,0,22,G
2018-03-22T13:39:08.243Z | cel,A,2203133904,25.661567,-100.446205,2180,0,164,6,159,70,0,22,G
2018-03-22T13:39:41.873Z | cel,A,2203133936,25.661563,-100.446213,2180,0,332,6,159,70,0,22,G
2018-03-22T13:40:09.435Z | cel,A,2203134006,25.661565,-100.446187,2180,0,8,6,170,70,0,22,G
2018-03-22T13:40:40.071Z | cel,A,2203134037,25.661532,-100.446148,2179,1,134,6,159,70,1,22,G
2018-03-22T13:41:09.047Z | cel,A,2203134107,25.661563,-100.446060,2177,0,328,6,159,70,0,22,G
2018-03-22T13:41:39.131Z | cel,A,2203134137,25.661452,-100.446165,2176,1,217,5,186,69,0,22,G
2018-03-22T13:42:10.769Z | cel,A,2203134207,25.661460,-100.446177,2176,0,49,6,159,69,1,22,G
2018-03-22T13:42:40.287Z | cel,A,2203134238,25.661493,-100.446178,2176,0,337,6,159,69,1,22,G
2018-03-22T13:43:10.566Z | cel,A,2203134308,25.661503,-100.446175,2176,0,170,6,159,69,1,22,G
2018-03-22T13:43:40.591Z | cel,A,2203134338,25.661500,-100.446148,2176,0,23,6,159,69,0,23,G
2018-03-22T13:44:10.702Z | cel,A,2203134408,25.661490,-100.446127,2176,0,264,6,159,69,0,23,G
2018-03-22T13:44:41.515Z | cel,A,2203134438,25.661482,-100.446112,2176,0,183,6,159,69,0,23,G
2018-03-22T13:45:11.720Z | cel,A,2203134509,25.661482,-100.446135,2176,0,331,6,158,68,0,23,G
2018-03-22T13:45:41.299Z | cel,A,2203134539,25.661528,-100.446147,2176,0,318,6,158,68,0,23,G
2018-03-22T13:46:12.406Z | cel,A,2203134609,25.661537,-100.446128,2175,0,262,4,224,68,0,23,G
2018-03-22T13:46:42.569Z | cel,A,2203134639,25.661548,-100.446175,2175,0,274,6,158,68,0,23,G
2018-03-22T13:47:12.243Z | cel,A,2203134710,25.661538,-100.446180,2175,0,329,6,158,68,0,23,G
2018-03-22T13:47:42.759Z | cel,A,2203134740,25.661548,-100.446183,2175,0,163,6,158,68,0,23,G
2018-03-22T13:48:14.426Z | cel,A,2203134810,25.661563,-100.446193,2175,0,329,6,158,68,5,23,G
2018-03-22T13:48:44.060Z | cel,A,2203134842,25.661567,-100.446212,2175,0,73,6,157,68,4,23,G
2018-03-22T13:49:14.445Z | cel,A,2203134912,25.661545,-100.446192,2175,0,79,6,157,68,0,23,G
2018-03-22T13:49:45.144Z | cel,A,2203134942,25.661588,-100.446205,2175,0,324,6,157,68,0,23,G
2018-03-22T13:50:14.052Z | cel,A,2203135012,25.661585,-100.446183,2175,1,104,6,157,68,3,23,G
2018-03-22T13:50:46.071Z | cel,A,2203135042,25.661585,-100.446113,2174,0,92,6,157,67,3,23,G
2018-03-22T13:51:15.439Z | cel,A,2203135113,25.661590,-100.446103,2174,0,352,6,166,67,3,23,G
2018-03-22T13:51:46.367Z | cel,A,2203135143,25.661580,-100.446105,2174,0,109,6,156,67,2,23,G
2018-03-22T13:52:15.364Z | cel,A,2203135213,25.661577,-100.446140,2173,1,271,6,156,67,0,23,G
2018-03-22T13:52:50.064Z | cel,A,2203135243,25.661572,-100.446170,2173,0,290,6,156,67,0,23,G
2018-03-22T13:53:17.967Z | cel,A,2203135314,25.661478,-100.446255,2171,1,219,6,156,67,0,23,G
2018-03-22T13:53:48.145Z | cel,A,2203135344,25.661435,-100.446238,2171,0,189,6,155,67,0,23,G
2018-03-22T13:54:18.669Z | cel,A,2203135415,25.661467,-100.446313,2193,2,303,6,155,67,0,23,G
2018-03-22T13:54:47.866Z | cel,A,2203135445,25.661412,-100.446275,2272,1,245,6,155,67,1,23,G
2018-03-22T13:55:19.262Z | cel,A,2203135515,25.661335,-100.446313,2366,1,218,6,155,67,0,23,C
2018-03-22T13:55:51.669Z | cel,A,2203135546,25.661303,-100.446345,2431,1,233,6,154,67,1,23,C
2018-03-22T13:56:23.349Z | cel,A,2203135618,25.661300,-100.446313,2451,0,334,6,154,67,1,23,C
2018-03-22T13:56:51.178Z | cel,A,2203135649,25.661285,-100.446332,2490,1,156,6,154,67,5,23,C
2018-03-22T13:57:21.408Z | cel,A,2203135719,25.661283,-100.446458,2518,0,244,6,153,67,3,23,C
2018-03-22T13:57:52.525Z | cel,A,2203135749,25.661268,-100.446458,2520,0,251,7,140,67,5,23,C
2018-03-22T13:58:22.952Z | cel,A,2203135819,25.661308,-100.446342,2558,1,82,7,140,67,2,23,C
2018-03-22T13:58:52.981Z | cel,A,2203135850,25.661192,-100.446175,2633,0,153,7,140,67,0,23,C
2018-03-22T13:59:23.315Z | cel,A,2203135920,25.661227,-100.446200,2674,0,272,7,139,67,2,23,C
2018-03-22T13:59:54.681Z | cel,A,2203135950,25.661235,-100.446185,2691,0,139,7,139,67,0,23,C
2018-03-22T14:00:24.776Z | cel,A,2203140022,25.661187,-100.446207,2759,0,196,7,139,67,0,24,C
2018-03-22T14:00:55.393Z | cel,A,2203140052,25.661207,-100.446202,2800,1,212,7,138,67,0,24,C
2018-03-22T14:01:25.263Z | cel,A,2203140122,25.661202,-100.446202,2814,0,130,8,134,67,0,24,C
2018-03-22T14:02:04.618Z | cel,A,2203140152,25.661240,-100.446197,2816,0,326,8,134,67,0,24,C
2018-03-22T14:02:38.232Z | cel,A,2203140222,25.661222,-100.446207,2861,1,220,8,134,67,0,24,C
2018-03-22T14:02:53.090Z | cel,A,2203140252,25.661222,-100.446193,2908,0,175,9,125,67,0,23,C
2018-03-22T14:03:25.468Z | cel,A,2203140322,25.661297,-100.446172,2943,0,212,9,125,67,0,24,C
2018-03-22T14:03:55.162Z | cel,A,2203140353,25.661282,-100.446183,2972,0,185,9,125,67,0,24,C
2018-03-22T14:04:26.456Z | cel,A,2203140423,25.661285,-100.446268,2996,1,292,9,127,67,0,24,C
2018-03-22T14:06:03.683Z | cel,A,2203140453,25.661362,-100.446488,3035,1,279,10,91,67,0,24,C
2018-03-22T14:06:40.291Z | cel,A,2203140623,25.661553,-100.446213,3197,0,29,10,90,67,0,24,C
2018-03-22T14:06:56.899Z | cel,A,2203140655,25.661558,-100.446218,3215,0,178,8,103,67,0,24,C
2018-03-22T14:07:26.860Z | cel,A,2203140725,25.661558,-100.446217,3214,0,43,9,124,67,0,24,C
2018-03-22T14:07:58.242Z | cel,A,2203140755,25.661558,-100.446217,3213,0,4,10,90,67,0,24,C
2018-03-22T14:08:29.373Z | cel,A,2203140825,25.661558,-100.446217,3211,0,38,10,90,67,0,24,C
2018-03-22T14:08:58.471Z | cel,A,2203140857,25.661545,-100.446205,3190,0,101,10,90,67,0,24,D
2018-03-22T14:09:29.351Z | cel,A,2203140927,25.661553,-100.446203,3179,0,21,10,90,68,0,24,R
2018-03-22T14:26:16.524Z | cel,A,2203142613,25.661502,-100.446132,2317,0,165,11,83,68,1,25,C
2018-03-22T14:26:45.058Z | cel,A,2203142643,25.661502,-100.446132,2317,0,229,11,83,68,1,25,C
2018-03-22T14:27:17.200Z | cel,A,2203142713,25.661502,-100.446132,2317,0,262,11,83,68,0,24,C
2018-03-22T14:27:46.762Z | cel,A,2203142744,25.661500,-100.446133,2316,0,209,11,82,68,3,24,C
2018-03-22T14:28:17.526Z | cel,A,2203142814,25.661500,-100.446133,2315,0,276,11,82,68,0,24,C
2018-03-22T14:28:46.976Z | cel,A,2203142844,25.661498,-100.446135,2314,0,138,11,82,68,0,24,C
2018-03-22T14:29:18.341Z | cel,A,2203142914,25.661497,-100.446137,2313,0,202,11,82,68,0,24,C
2018-03-22T14:29:50.080Z | cel,A,2203142945,25.661500,-100.446147,2303,0,333,11,82,68,2,24,C
2018-03-22T14:30:17.412Z | cel,A,2203143015,25.661500,-100.446153,2293,0,160,10,87,68,2,24,C
2018-03-22T14:30:48.316Z | cel,A,2203143045,25.661502,-100.446163,2282,0,274,9,112,68,1,24,C
2018-03-22T14:31:18.047Z | cel,A,2203143115,25.661502,-100.446163,2282,0,65,11,82,68,0,23,C
2018-03-22T14:31:47.616Z | cel,A,2203143145,25.661502,-100.446162,2281,0,75,9,91,68,0,24,C
2018-03-22T14:32:19.323Z | cel,A,2203143215,25.661503,-100.446162,2281,0,55,11,81,68,0,23,C
2018-03-22T14:32:48.587Z | cel,A,2203143246,25.661500,-100.446172,2280,0,263,11,81,68,0,23,C
2018-03-22T14:33:19.852Z | cel,A,2203143316,25.661445,-100.446213,2278,0,59,11,81,68,3,23,D
2018-03-23T00:28:25.144Z | cel,A,2303002823,0.000000,0.000000,0,0,0,0,0,74,-1,25,G
2018-03-23T00:28:55.818Z | cel,A,2303002853,0.000000,0.000000,0,0,0,0,0,75,-1,25,G
2018-03-23T00:29:25.590Z | cel,A,2303002923,0.000000,0.000000,0,0,0,0,0,75,-1,25,G
2018-03-23T00:29:58.206Z | cel,A,2303002953,0.000000,0.000000,0,0,0,0,0,75,-1,25,G
2018-03-23T00:30:26.328Z | cel,A,2303003023,0.000000,0.000000,0,0,0,0,0,76,-1,25,G
2018-03-23T00:32:58.175Z | cel,A,2303003253,0.000000,0.000000,0,0,0,0,0,78,-1,26,G
2018-03-23T00:33:27.340Z | cel,A,2303003325,0.000000,0.000000,0,0,0,0,0,78,-1,26,G
2018-03-23T00:33:58.270Z | cel,A,2303003355,0.000000,0.000000,0,0,0,0,0,79,-1,27,G
2018-03-23T00:34:28.784Z | cel,A,2303003425,0.000000,0.000000,0,0,0,0,0,79,-1,27,G
2018-03-23T00:34:58.623Z | cel,A,2303003456,0.000000,0.000000,0,0,0,0,0,80,-1,27,G
2018-03-23T00:35:29.210Z | cel,A,2303003526,0.000000,0.000000,0,0,0,0,0,80,-1,27,G
2018-03-23T00:35:58.869Z | cel,A,2303003556,0.000000,0.000000,0,0,0,0,0,80,-1,27,G
2018-03-23T00:36:27.971Z | cel,A,2303003626,0.000000,0.000000,0,0,0,0,0,81,-1,27,G
2018-03-23T00:36:58.929Z | cel,A,2303003656,0.000000,0.000000,0,0,0,0,0,81,-1,27,G
2018-03-23T00:37:28.811Z | cel,A,2303003726,0.000000,0.000000,0,0,0,0,0,81,-1,27,G
2018-03-23T00:37:58.241Z | cel,A,2303003756,0.000000,0.000000,0,0,0,0,0,82,-1,27,G
2018-03-23T00:38:28.637Z | cel,A,2303003826,0.000000,0.000000,0,0,0,0,0,82,-1,27,G
2018-03-23T00:38:59.905Z | cel,A,2303003856,0.000000,0.000000,0,0,0,0,0,83,-1,27,G
2018-03-23T00:39:30.090Z | cel,A,2303003927,0.000000,0.000000,0,0,0,0,0,83,-1,27,G
2018-03-23T00:40:02.619Z | cel,A,2303003957,0.000000,0.000000,0,0,0,0,0,83,-1,27,G
2018-03-23T00:40:30.731Z | cel,A,2303004028,0.000000,0.000000,0,0,0,0,0,84,-1,27,G
2018-03-23T00:41:00.349Z | cel,A,2303004058,0.000000,0.000000,0,0,0,0,0,84,-1,27,G
2018-03-23T00:41:30.293Z | cel,A,2303004128,0.000000,0.000000,0,0,0,0,0,84,-1,27,G
2018-03-23T00:42:00.629Z | cel,A,2303004158,0.000000,0.000000,0,0,0,0,0,85,-1,27,G
2018-03-23T00:42:31.884Z | cel,A,2303004228,0.000000,0.000000,0,0,0,0,0,85,-1,27,G
2018-03-23T00:43:02.853Z | cel,A,2303004259,0.000000,0.000000,0,0,0,0,0,85,-1,27,G
2018-03-23T00:43:31.554Z | cel,A,2303004329,0.000000,0.000000,0,0,0,0,0,85,-1,27,G
2018-03-23T00:44:03.917Z | cel,A,2303004359,0.000000,0.000000,0,0,0,0,0,86,-1,27,G
2018-03-23T00:44:34.082Z | cel,A,2303004431,0.000000,0.000000,0,0,0,0,0,86,-1,27,G
2018-03-23T00:45:04.671Z | cel,A,2303004501,0.000000,0.000000,0,0,0,0,0,86,-1,27,G
2018-03-23T00:45:34.079Z | cel,A,2303004532,0.000000,0.000000,0,0,0,0,0,87,-1,27,G
2018-03-23T00:46:04.117Z | cel,A,2303004602,0.000000,0.000000,0,0,0,0,0,87,-1,27,G
2018-03-23T00:46:35.744Z | cel,A,2303004632,0.000000,0.000000,0,0,0,0,0,87,-1,27,G
2018-03-23T00:47:05.974Z | cel,A,2303004703,0.000000,0.000000,0,0,0,0,0,87,-1,27,G
2018-03-23T00:47:35.983Z | cel,A,2303004733,0.000000,0.000000,0,0,0,0,0,88,-1,27,G
2018-03-23T00:48:05.993Z | cel,A,2303004803,0.000000,0.000000,0,0,0,0,0,88,-1,27,G
2018-03-23T00:48:37.256Z | cel,A,2303004833,0.000000,0.000000,0,0,0,0,0,88,-1,27,G
2018-03-23T00:49:06.609Z | cel,A,2303004904,0.000000,0.000000,0,0,0,0,0,89,-1,27,G
2018-03-23T00:49:37.894Z | cel,A,2303004934,0.000000,0.000000,0,0,0,0,0,89,-1,27,G
2018-03-23T00:50:07.263Z | cel,A,2303005004,0.000000,0.000000,0,0,0,0,0,89,-1,27,G
2018-03-23T00:50:37.653Z | cel,A,2303005034,0.000000,0.000000,0,0,0,0,0,89,-1,27,G
2018-03-23T00:51:09.170Z | cel,A,2303005105,0.000000,0.000000,0,0,0,0,0,89,-1,27,G
2018-03-23T00:51:38.698Z | cel,A,2303005136,0.000000,0.000000,0,0,0,0,0,90,-1,27,G
2018-03-23T00:52:09.675Z | cel,A,2303005206,0.000000,0.000000,0,0,0,0,0,90,-1,27,G
2018-03-23T00:52:40.270Z | cel,A,2303005237,0.000000,0.000000,0,0,0,0,0,90,-1,27,G
2018-03-23T00:53:10.241Z | cel,A,2303005307,0.000000,0.000000,0,0,0,0,0,90,-1,27,G
2018-03-23T00:53:40.349Z | cel,A,2303005337,0.000000,0.000000,0,0,0,0,0,91,-1,27,G
2018-03-23T00:54:12.787Z | cel,A,2303005408,0.000000,0.000000,0,0,0,0,0,91,-1,27,G
2018-03-23T00:54:41.805Z | cel,A,2303005438,0.000000,0.000000,0,0,0,0,0,91,-1,27,G
2018-03-23T00:55:12.165Z | cel,A,2303005509,0.000000,0.000000,0,0,0,0,0,91,-1,27,G
2018-03-23T00:55:42.417Z | cel,A,2303005539,0.000000,0.000000,0,0,0,0,0,91,-1,27,G
2018-03-23T00:56:12.749Z | cel,A,2303005609,0.000000,0.000000,0,0,0,0,0,91,-1,27,G
2018-03-23T00:56:42.990Z | cel,A,2303005640,0.000000,0.000000,0,0,0,0,0,92,-1,27,G
2018-03-23T00:57:13.640Z | cel,A,2303005710,0.000000,0.000000,0,0,0,0,0,92,-1,27,G
2018-03-23T00:57:43.596Z | cel,A,2303005740,0.000000,0.000000,0,0,0,0,0,92,-1,27,G
2018-03-23T00:58:13.895Z | cel,A,2303005811,0.000000,0.000000,0,0,0,0,0,92,-1,27,G
2018-03-23T00:58:44.414Z | cel,A,2303005841,0.000000,0.000000,0,0,0,0,0,92,-1,27,G
2018-03-23T00:59:15.469Z | cel,A,2303005912,0.000000,0.000000,0,0,0,0,0,93,-1,27,G
2018-03-23T00:59:44.733Z | cel,A,2303005942,0.000000,0.000000,0,0,0,0,0,93,-1,27,G
2018-03-23T01:00:14.829Z | cel,A,2303010012,0.000000,0.000000,0,0,0,0,0,93,-1,27,G
2018-03-23T01:00:46.640Z | cel,A,2303010042,0.000000,0.000000,0,0,0,0,0,93,-1,27,G
2018-03-23T01:01:17.577Z | cel,A,2303010114,0.000000,0.000000,0,0,0,0,0,93,-1,27,G
2018-03-23T01:01:47.991Z | cel,A,2303010145,0.000000,0.000000,0,0,0,0,0,94,-1,27,G
2018-03-23T01:02:18.121Z | cel,A,2303010215,0.000000,0.000000,0,0,0,0,0,94,-1,27,G
2018-03-23T01:02:47.487Z | cel,A,2303010245,0.000000,0.000000,0,0,0,0,0,94,-1,27,G
2018-03-23T01:03:17.590Z | cel,A,2303010315,0.000000,0.000000,0,0,0,0,0,94,-1,27,G
2018-03-23T01:03:48.262Z | cel,A,2303010345,0.000000,0.000000,0,0,0,0,0,94,-1,27,G
2018-03-23T01:04:18.532Z | cel,A,2303010415,0.000000,0.000000,0,0,0,0,0,94,-1,27,G
2018-03-23T01:04:52.296Z | cel,A,2303010446,0.000000,0.000000,0,0,0,0,0,94,-1,27,G
2018-03-23T01:05:20.903Z | cel,A,2303010517,0.000000,0.000000,0,0,0,0,0,95,-1,27,G
2018-03-23T01:05:50.665Z | cel,A,2303010548,0.000000,0.000000,0,0,0,0,0,95,-1,27,G
2018-03-23T01:06:20.966Z | cel,A,2303010618,0.000000,0.000000,0,0,0,0,0,95,-1,27,G
2018-03-23T01:06:50.471Z | cel,A,2303010648,0.000000,0.000000,0,0,0,0,0,95,-1,27,G
2018-03-23T01:07:20.150Z | cel,A,2303010718,0.000000,0.000000,0,0,0,0,0,95,-1,28,G
2018-03-23T01:07:50.992Z | cel,A,2303010748,0.000000,0.000000,0,0,0,0,0,95,-1,27,G
2018-03-23T01:08:21.301Z | cel,A,2303010818,0.000000,0.000000,0,0,0,0,0,95,-1,27,G
2018-03-23T01:08:51.279Z | cel,A,2303010848,0.000000,0.000000,0,0,0,0,0,96,-1,27,G
2018-03-23T01:09:20.988Z | cel,A,2303010918,0.000000,0.000000,0,0,0,0,0,96,-1,27,G
2018-03-23T01:09:52.029Z | cel,A,2303010948,0.000000,0.000000,0,0,0,0,0,96,-1,27,G
2018-03-23T01:10:21.332Z | cel,A,2303011019,0.000000,0.000000,0,0,0,0,0,96,-1,27,G
2018-03-23T01:10:53.302Z | cel,A,2303011049,0.000000,0.000000,0,0,0,0,0,96,-1,27,G
2018-03-23T01:11:22.757Z | cel,A,2303011120,0.000000,0.000000,0,0,0,0,0,96,-1,27,G
2018-03-23T01:11:53.565Z | cel,A,2303011150,0.000000,0.000000,0,0,0,0,0,96,-1,27,G
2018-03-23T01:12:25.614Z | cel,A,2303011221,0.000000,0.000000,0,0,0,0,0,97,-1,27,G
2018-03-23T01:12:54.948Z | cel,A,2303011251,0.000000,0.000000,0,0,0,0,0,97,-1,27,G
2018-03-23T01:13:24.033Z | cel,A,2303011322,0.000000,0.000000,0,0,0,0,0,97,-1,27,G
2018-03-23T01:13:55.370Z | cel,A,2303011352,0.000000,0.000000,0,0,0,0,0,97,-1,27,G
2018-03-23T01:14:24.769Z | cel,A,2303011422,0.000000,0.000000,0,0,0,0,0,97,-1,27,G
2018-03-23T01:14:55.089Z | cel,A,2303011453,0.000000,0.000000,0,0,0,0,0,97,-1,27,G
2018-03-23T01:15:28.929Z | cel,A,2303011523,0.000000,0.000000,0,0,0,0,0,97,-1,27,G
2018-03-23T01:15:56.303Z | cel,A,2303011554,0.000000,0.000000,0,0,0,0,0,97,-1,27,G
2018-03-23T01:16:26.869Z | cel,A,2303011624,0.000000,0.000000,0,0,0,0,0,97,-1,27,G
2018-03-23T01:54:51.293Z | cel,A,2303015449,0.000000,0.000000,0,0,0,0,0,98,-1,26,G
2018-03-23T03:46:53.177Z | cel,A,2303034652,0.000000,0.000000,0,0,0,0,0,96,-1,25,G
