2018-01-11T18:35:08.903Z | cel,X,183506,25.6672,-100.3796,1953
2018-01-11T18:35:24.636Z | cel,S,183521,25.6672,-100.3796,1960,0,317,8,136,8,0,26,R
2018-01-11T18:35:42.528Z | cel,X,183536,25.6672,-100.3796,1965
2018-01-11T18:35:58.739Z | cel,S,183552,25.6672,-100.3796,1968,0,279,8,136,8,0,27,R
2018-01-11T18:36:10.334Z | cel,X,183608,25.6672,-100.3796,1968
2018-01-11T18:36:25.977Z | cel,S,183623,25.6672,-100.3796,1968,0,290,8,136,8,0,27,R
2018-01-11T18:36:41.705Z | cel,X,183638,25.6672,-100.3796,1968
2018-01-11T18:36:57.222Z | cel,S,183653,25.6672,-100.3797,1968,1,275,8,127,8,3,27,R
2018-01-11T18:37:12.226Z | cel,X,183709,25.6672,-100.3798,1965
2018-01-11T18:43:08.226Z | sat,S,183709,25.6672,-100.3798,1965,1,275,8,127,8,1,27,R
2018-01-11T18:43:08.226Z | cel,S,183725,25.6673,-100.3798,1965,0,345,9,114,8,1,27,R
2018-01-11T18:43:08.226Z | sat,X,183740,25.6673,-100.3798,1965
2018-01-11T18:37:43.485Z | cel,X,183740,25.6673,-100.3798,1965
2018-02-11T18:50:58.308Z | cel,S,193755,25.6674,-100.3799,1970,1,291,9,114,8,0,27,R
2018-10-12T03:45:52.509Z | cell,S,183755,25.6674,-100.3799,1970,1,291,9,114,8,0,27,R
2018-10-12T03:45:52.509Z | cell,S,183755,25.6674,-100.3799,1970,1,291,9,114,8,0,27,R
2018-10-12T03:45:52.509Z | cell,S,183755,25.6674,-100.3799,1970,1,291,9,114,8,0,27,R
2018-02-11T02:25:38.073Z | cel,S,022536,0.0000,0.0000,0,0,0,0,0,9,0,26,G
2018-02-11T02:25:53.366Z | cel,X,022551,0.0000,0.0000,0
2018-02-11T02:26:08.448Z | cel,S,022606,0.0000,0.0000,0,0,0,0,0,9,0,26,G
2018-02-11T18:43:28.262Z | cel,S,184327,25.6429,-100.3590,2110,1,59,5,139,7,0,24,G
2018-02-11T19:26:01.931Z | cel,A,11021819255960,25.6431,-100.3588,1950,1,36,2,9540,8,0,26,G
2018-02-11T19:33:47.241Z | cel,A,1102193345,25.6427,-100.3590,2079,1,157,4,159,9,3,26,G
2018-02-11T19:36:47.365Z | cel,B,1102193645,25.6429,-100.3589,2190,0,0,0
2018-02-11T19:38:07.567Z | cel,B,1102193806,25.6428,-100.3591,2200,0,0,0
