2018-03-20T00:58:07.448Z | sat,A,1903224911,25.642795,-100.358950,2113,0,286,7,141,71,4,32,G
2018-03-20T00:58:07.687Z | sat,A,2003002517,25.642875,-100.358950,2064,0,100,9,85,67,5,29,G
2018-03-20T00:58:07.769Z | sat,A,2003004200,25.642855,-100.358977,2084,0,267,9,85,66,0,28,G
2018-03-20T00:58:37.486Z | sat,A,2003002637,25.642878,-100.358955,2063,0,155,10,80,67,5,29,G
2018-03-20T00:58:37.720Z | sat,A,2003004200,25.642855,-100.358977,2084,0,267,9,85,66,0,28,G
2018-03-20T00:59:10.632Z | sat,A,1903224911,25.642795,-100.358950,2113,0,286,7,141,71,4,32,G
2018-03-20T00:59:10.870Z | sat,A,2003002637,25.642878,-100.358955,2063,0,155,10,80,67,5,29,G
2018-03-20T00:59:10.960Z | sat,A,2003005201,25.642853,-100.358973,2078,0,244,9,84,66,5,28,G
2018-03-20T00:59:37.497Z | sat,A,1903225031,25.642795,-100.358952,2113,0,76,8,123,71,0,32,G
2018-03-20T00:59:37.740Z | sat,A,2003002757,25.642875,-100.358948,2068,0,213,10,79,67,2,29,G
2018-03-20T00:59:37.827Z | sat,A,2003004400,25.642855,-100.358977,2083,0,339,9,85,66,5,28,G
2018-03-20T00:59:37.914Z | sat,A,2003005201,25.642853,-100.358973,2078,0,244,9,84,66,5,28,G
2018-03-20T01:00:07.658Z | sat,A,1903225111,25.642795,-100.358953,2112,0,238,8,123,71,0,32,G
2018-03-20T01:00:07.982Z | sat,A,2003004400,25.642855,-100.358977,2083,0,339,9,85,66,5,28,G
2018-03-20T01:00:08.064Z | sat,A,2003005321,25.642860,-100.358978,2080,0,354,8,97,66,2,28,G
2018-03-20T01:00:37.755Z | sat,A,2003004521,25.642853,-100.358978,2083,0,163,9,85,66,5,28,G
2018-03-20T01:01:37.594Z | sat,A,1903235714,25.642785,-100.358993,2096,0,307,9,93,68,0,30,G
2018-03-20T01:01:37.826Z | sat,A,2003004521,25.642853,-100.358978,2083,0,163,9,85,66,5,28,G
2018-03-20T01:02:07.563Z | sat,A,2003005441,25.642862,-100.358977,2080,0,190,8,97,66,2,28,G
2018-03-20T01:02:37.442Z | sat,A,1903235755,25.642787,-100.358987,2094,0,95,7,134,68,4,30,G
2018-03-20T01:03:07.758Z | sat,A,1903235835,25.642788,-100.358985,2093,0,299,7,134,68,4,30,G
2018-03-20T01:03:37.396Z | sat,A,1903235915,25.642790,-100.358985,2093,0,358,8,98,68,2,30,G
2018-03-20T01:04:37.426Z | sat,A,1903235915,25.642790,-100.358985,2093,0,358,8,98,68,2,30,G
2018-03-20T01:05:10.644Z | sat,A,2003003240,25.642873,-100.358942,2049,0,267,9,93,66,0,29,G
2018-03-20T01:05:37.557Z | sat,A,1903235915,25.642790,-100.358985,2093,0,358,8,98,68,2,30,G
2018-03-20T01:06:07.491Z | sat,A,1903225711,25.642742,-100.358955,2122,0,55,7,138,71,2,32,G
2018-03-20T01:06:11.114Z | sat,A,2003003240,25.642873,-100.358942,2049,0,267,9,93,66,0,29,G
2018-03-20T01:06:40.516Z | sat,A,2003003440,25.642868,-100.358947,2076,0,0,7,133,66,5,29,G
2018-03-20T01:07:07.433Z | sat,A,1903225711,25.642742,-100.358955,2122,0,55,7,138,71,2,32,G
2018-03-20T01:07:07.668Z | sat,A,2003003440,25.642868,-100.358947,2076,0,0,7,133,66,5,29,G
2018-03-20T01:08:40.484Z | sat,A,2003003600,25.642868,-100.358948,2075,0,288,9,86,66,1,28,G
2018-03-20T01:09:11.063Z | sat,A,2003003720,25.642863,-100.358965,2077,0,75,8,117,66,2,29,G
2018-03-20T01:11:10.837Z | sat,A,2003000635,25.642822,-100.358975,2084,0,0,8,98,68,5,29,G
2018-03-20T01:11:40.729Z | sat,A,2003000635,25.642822,-100.358975,2084,0,0,8,98,68,5,29,G
2018-03-20T01:12:10.469Z | sat,A,2003000756,25.642822,-100.358975,2083,0,348,7,134,68,3,30,G
2018-03-20T01:13:07.431Z | sat,A,2003000756,25.642822,-100.358975,2083,0,348,7,134,68,3,30,G
2018-03-20T01:13:37.502Z | sat,A,2003000756,25.642822,-100.358975,2083,0,348,7,134,68,3,30,G
2018-03-20T01:15:37.550Z | sat,A,1903230632,25.642738,-100.358962,2111,0,278,8,116,70,0,31,G
2018-03-20T01:19:37.392Z | sat,A,1903210212,25.642783,-100.358933,2060,0,329,7,124,76,0,38,G
2018-03-20T01:19:37.646Z | sat,A,2003001516,25.642812,-100.359000,2077,0,322,10,81,67,0,30,G
2018-03-20T01:20:37.416Z | sat,A,2003001556,25.642812,-100.359000,2077,0,340,10,81,67,3,29,G
2018-03-20T01:21:07.520Z | sat,A,2003001556,25.642812,-100.359000,2077,0,340,10,81,67,3,29,G
2018-03-20T01:21:37.418Z | sat,A,2003001556,25.642812,-100.359000,2077,0,340,10,81,67,3,29,G
2018-03-20T01:22:37.404Z | sat,A,2003001556,25.642812,-100.359000,2077,0,340,10,81,67,3,29,G
2018-03-20T01:23:07.705Z | sat,A,2003001836,25.642885,-100.358945,2057,0,0,9,93,67,5,29,G
2018-03-20T01:23:37.477Z | sat,A,2003001916,25.642905,-100.358958,2052,0,207,10,80,67,3,29,G
2018-03-20T01:29:07.638Z | sat,A,2003002356,25.642885,-100.358923,2062,0,255,10,80,67,0,29,G
2018-03-20T01:29:37.609Z | sat,A,2003002517,25.642875,-100.358950,2064,0,100,9,85,67,5,29,G
2018-03-20T01:31:37.935Z | sat,A,1903232232,25.642733,-100.358970,2100,0,243,6,148,69,1,31,G
2018-03-20T01:40:07.592Z | sat,A,1903233033,25.642753,-100.358973,2095,0,29,7,124,69,0,31,G
2018-03-20T01:40:37.788Z | sat,A,1903233153,25.642752,-100.358977,2096,0,251,7,123,69,2,31,G
2018-03-20T01:41:37.713Z | sat,A,1903233153,25.642752,-100.358977,2096,0,251,7,123,69,2,31,G
2018-03-20T01:42:07.468Z | sat,A,1903233313,25.642755,-100.358980,2093,0,117,7,123,69,1,31,G
2018-03-20T01:45:07.512Z | sat,A,1903212742,25.642820,-100.358962,2094,0,121,8,121,75,2,34,G
2018-03-20T01:45:37.839Z | sat,A,1903212742,25.642820,-100.358962,2094,0,121,8,121,75,2,34,G
2018-03-20T01:48:37.604Z | sat,A,1903233953,25.642763,-100.358983,2092,0,94,8,113,69,5,30,G
2018-03-20T01:49:39.079Z | sat,A,1903233953,25.642763,-100.358983,2092,0,94,8,113,69,5,30,G
2018-03-20T01:50:07.819Z | sat,A,1903233953,25.642763,-100.358983,2092,0,94,8,113,69,5,30,G
2018-03-20T01:51:07.732Z | sat,A,1903233953,25.642763,-100.358983,2092,0,94,8,113,69,5,30,G
2018-03-20T01:51:37.753Z | sat,A,1903234234,25.642768,-100.358985,2090,0,183,7,118,69,2,30,G
2018-03-20T01:53:07.636Z | sat,A,1903213542,25.642807,-100.358953,2102,0,68,8,122,74,0,34,G
2018-03-20T01:53:37.559Z | sat,A,1903213542,25.642807,-100.358953,2102,0,68,8,122,74,0,34,G
2018-03-20T01:54:37.633Z | sat,A,1903213702,25.642808,-100.358952,2102,0,352,8,121,74,4,34,G
2018-03-20T01:55:07.627Z | sat,A,1903213702,25.642808,-100.358952,2102,0,352,8,121,74,4,34,G
2018-03-20T01:57:38.202Z | sat,A,1903234754,25.642767,-100.358995,2087,0,225,7,116,68,0,30,G
2018-03-20T01:58:07.592Z | sat,A,1903234914,25.642767,-100.358997,2087,0,128,6,138,68,5,30,G
2018-03-20T01:59:07.718Z | sat,A,1903234914,25.642767,-100.358997,2087,0,128,6,138,68,5,30,G
2018-03-20T01:59:37.620Z | sat,A,1903234914,25.642767,-100.358997,2087,0,128,6,138,68,5,30,G
2018-03-20T02:02:40.625Z | sat,A,1903214503,25.642820,-100.358950,2104,0,0,8,111,74,1,33,G
2018-03-20T02:03:10.660Z | sat,A,1903214503,25.642820,-100.358950,2104,0,0,8,111,74,1,33,G
2018-03-20T02:04:07.516Z | sat,A,1903214503,25.642820,-100.358950,2104,0,0,8,111,74,1,33,G
2018-03-20T02:04:37.533Z | sat,A,1903214503,25.642820,-100.358950,2104,0,0,8,111,74,1,33,G
2018-03-20T02:05:43.442Z | sat,A,1903214743,25.642820,-100.358957,2106,0,296,8,111,74,0,33,G
2018-03-20T02:11:07.468Z | sat,A,1903215303,25.642822,-100.358963,2109,0,15,8,109,73,0,33,G
2018-03-20T02:12:10.523Z | sat,A,1903215423,25.642823,-100.358960,2109,0,38,8,109,73,0,33,G
2018-03-20T02:12:37.506Z | sat,A,1903215423,25.642823,-100.358960,2109,0,38,8,109,73,0,33,G
2018-03-20T02:13:07.484Z | sat,A,1903215543,25.642825,-100.358960,2110,0,0,8,109,74,4,33,G
2018-03-20T02:14:37.506Z | sat,A,1903215543,25.642825,-100.358960,2110,0,0,8,109,74,4,33,G
2018-03-20T02:20:07.645Z | sat,A,1903220146,25.642823,-100.358958,2110,0,270,8,108,73,0,33,G
2018-03-20T02:20:37.513Z | sat,A,1903220146,25.642823,-100.358958,2110,0,270,8,108,73,0,33,G
2018-03-20T02:21:07.467Z | sat,A,1903220346,25.642822,-100.358958,2111,0,216,8,108,73,3,33,G
2018-03-20T02:22:07.446Z | sat,A,1903220346,25.642822,-100.358958,2111,0,216,8,108,73,3,33,G
2018-03-20T02:22:37.376Z | sat,A,1903220506,25.642807,-100.358962,2115,0,234,8,107,73,5,33,G
2018-03-20T02:29:07.491Z | sat,A,1903221146,25.642763,-100.358985,2131,0,270,8,107,73,0,33,G
2018-03-20T02:30:07.746Z | sat,A,1903221146,25.642763,-100.358985,2131,0,270,8,107,73,0,33,G
2018-03-20T02:30:37.489Z | sat,A,1903221306,25.642765,-100.358983,2131,0,107,8,107,73,5,32,G
2018-03-20T02:31:07.424Z | sat,A,1903221306,25.642765,-100.358983,2131,0,107,8,107,73,5,32,G
2018-03-20T02:32:07.406Z | sat,A,1903221426,25.642768,-100.358980,2131,0,58,8,107,73,4,33,G
2018-03-20T02:32:37.387Z | sat,A,1903221426,25.642768,-100.358980,2131,0,58,8,107,73,4,33,G
2018-03-20T02:38:37.769Z | sat,A,1903222027,25.642765,-100.358980,2134,0,35,8,108,72,0,32,G
2018-03-20T02:39:07.406Z | sat,A,1903222027,25.642765,-100.358980,2134,0,35,8,108,72,0,32,G
2018-03-20T02:40:07.562Z | sat,A,1903222227,25.642767,-100.358977,2134,0,241,7,156,72,3,33,G
2018-03-20T02:41:07.452Z | sat,A,1903222349,25.642785,-100.358972,2133,0,326,8,108,72,2,33,G
2018-03-20T02:47:37.382Z | sat,A,1903222909,25.642782,-100.358970,2135,0,104,8,109,72,0,33,G
2018-03-20T02:48:07.418Z | sat,A,1903222909,25.642782,-100.358970,2135,0,104,8,109,72,0,33,G
2018-03-20T02:48:37.414Z | sat,A,1903222909,25.642782,-100.358970,2135,0,104,8,109,72,0,33,G
2018-03-20T02:49:07.677Z | sat,A,1903223149,25.642768,-100.358977,2145,0,46,7,149,72,1,32,G
2018-03-20T02:56:37.393Z | sat,A,1903223910,25.642792,-100.358975,2126,0,156,8,116,71,3,33,G
2018-03-20T02:57:07.400Z | sat,A,1903223950,25.642793,-100.358975,2125,0,91,9,105,71,4,33,G
2018-03-20T02:58:07.428Z | sat,A,1903223950,25.642793,-100.358975,2125,0,91,9,105,71,4,33,G
2018-03-20T02:58:40.496Z | sat,A,1903224110,25.642793,-100.358975,2125,0,157,9,105,71,3,32,G
2018-03-20T03:05:37.367Z | sat,A,1903224751,25.642797,-100.358948,2113,0,293,8,135,71,0,33,G
2018-03-20T03:06:07.413Z | sat,A,1903224831,25.642795,-100.358950,2113,0,213,8,135,71,2,33,G
2018-03-22T13:11:42.023Z | sat,A,2203131124,25.661522,-100.446185,2554,1,253,0,197,74,0,21,C
2018-03-22T13:20:53.966Z | sat,A,2203132023,25.661450,-100.446162,2180,0,162,4,203,74,0,21,G
2018-03-22T13:22:09.956Z | sat,A,2203132144,25.661443,-100.446153,2181,0,277,4,204,74,1,21,G
2018-03-22T13:23:17.913Z | sat,A,2203132306,25.661375,-100.446238,2184,0,96,4,205,73,0,21,G
2018-03-22T13:32:13.899Z | sat,A,2203133157,25.661420,-100.446217,2186,0,242,6,158,70,0,22,G
2018-03-22T13:39:13.905Z | sat,A,2203133844,25.661582,-100.446192,2180,0,210,6,159,70,0,22,G
2018-03-22T13:40:14.202Z | sat,A,2203134006,25.661565,-100.446187,2180,0,8,6,170,70,0,22,G
2018-03-22T13:47:45.898Z | sat,A,2203134730,25.661553,-100.446180,2175,0,264,6,158,68,0,23,G
2018-03-22T13:49:45.898Z | sat,A,2203134932,25.661573,-100.446192,2175,1,321,6,157,68,0,23,G
2018-03-22T13:50:29.916Z | sat,A,2203134932,25.661573,-100.446192,2175,1,321,6,157,68,0,23,G
2018-03-22T13:51:01.904Z | sat,A,2203134932,25.661573,-100.446192,2175,1,321,6,157,68,0,23,G
2018-03-22T13:51:45.903Z | sat,A,2203134932,25.661573,-100.446192,2175,1,321,6,157,68,0,23,G
2018-03-22T13:55:09.904Z | sat,A,2203135455,25.661392,-100.446255,2294,1,176,6,155,67,1,23,G
2018-03-22T13:56:41.904Z | sat,A,2203135618,25.661300,-100.446313,2451,0,334,6,154,67,1,23,C
2018-03-22T13:57:05.898Z | sat,A,2203135618,25.661300,-100.446313,2451,0,334,6,154,67,1,23,C
2018-03-22T13:57:49.898Z | sat,A,2203135739,25.661273,-100.446455,2519,0,222,7,141,67,5,24,C
2018-03-22T13:58:29.903Z | sat,A,2203135739,25.661273,-100.446455,2519,0,222,7,141,67,5,24,C
2018-03-22T13:59:13.904Z | sat,A,2203135739,25.661273,-100.446455,2519,0,222,7,141,67,5,24,C
2018-03-22T14:03:49.898Z | sat,A,2203140343,25.661282,-100.446183,2965,0,216,9,125,67,0,24,C
2018-03-22T14:05:57.901Z | sat,A,2203140503,25.661387,-100.446423,3064,0,291,10,90,67,0,24,C
2018-03-22T14:06:37.903Z | sat,A,2203140623,25.661553,-100.446213,3197,0,29,10,90,67,0,24,C
2018-03-22T14:26:33.908Z | sat,A,2203140623,25.661553,-100.446213,3197,0,29,10,90,67,0,24,C
2018-03-22T14:28:37.937Z | sat,A,2203142824,25.661500,-100.446133,2315,0,225,11,82,68,2,24,C
2018-03-22T14:31:25.899Z | sat,A,2203143105,25.661502,-100.446163,2282,0,2,11,82,68,0,24,C
2018-04-19T04:19:19.546Z | sat,A,0000000000,0.000000,0.000000,0,0,0,0,0,6,0,28,G
2018-04-19T04:26:43.542Z | sat,A,0000000000,0.000000,0.000000,0,0,0,0,0,23,0,28,G
2018-04-27T04:53:52.443Z | sat,A,2704045256,0.000000,0.000000,0,0,0,0,0,76,0,27,G
2018-04-27T04:55:16.621Z | sat,A,2704045458,0.000000,0.000000,0,0,0,0,0,77,0,27,G
2018-04-27T05:03:26.365Z | sat,A,2704050310,0.000000,0.000000,0,0,0,0,0,82,2,27,G
2018-04-30T01:16:56.304Z | sat,A,3004011554,0.000000,0.000000,0,0,0,0,0,66,0,26,G
